208000000
208000000
208000000
208000000
208000000
208000000
208000000
208000000
208000000
208000000
208000000
277000000
208000000
208000000
208000000
208000000
208000000
208000000
208000000
208000000
208000000
277000000
208000000
208000000
277000000
208000000
208000000
208000000
208000000
208000000
208000000
208000000
208000000
208000000
208000000
208000000
277000000
208000000
208000000
208000000
277000000
208000000
208000000
208000000
208000000
208000000
208000000
208000000
139000000
208000000
208000000
208000000
208000000
277000000
208000000
208000000
208000000
208000000
208000000
208000000
208000000
208000000
208000000
208000000
208000000
208000000
208000000
208000000
208000000
208000000
208000000
208000000
208000000
208000000
208000000
208000000
208000000
208000000
208000000
208000000
208000000
208000000
208000000
208000000
208000000
208000000
208000000
277000000
208000000
208000000
208000000
208000000
208000000
208000000
208000000
208000000
208000000
208000000
208000000
208000000
277000000
208000000
208000000
208000000
208000000
208000000
208000000
208000000
208000000
208000000
208000000
208000000
208000000
208000000
208000000
208000000
208000000
208000000
277000000
208000000
