277000000
332000000
332000000
332000000
332000000
332000000
332000000
332000000
332000000
332000000
332000000
332000000
332000000
277000000
332000000
332000000
332000000
332000000
332000000
332000000
332000000
332000000
277000000
332000000
277000000
332000000
277000000
277000000
277000000
332000000
277000000
332000000
332000000
332000000
332000000
208000000
277000000
277000000
277000000
332000000
277000000
332000000
332000000
332000000
332000000
332000000
277000000
277000000
277000000
277000000
277000000
277000000
332000000
332000000
332000000
332000000
277000000
332000000
332000000
332000000
332000000
332000000
277000000
332000000
277000000
277000000
332000000
277000000
277000000
277000000
332000000
277000000
332000000
277000000
277000000
332000000
277000000
277000000
277000000
332000000
208000000
277000000
277000000
277000000
277000000
277000000
277000000
277000000
332000000
332000000
332000000
277000000
208000000
277000000
277000000
332000000
277000000
277000000
332000000
277000000
277000000
277000000
277000000
277000000
277000000
332000000
277000000
277000000
332000000
277000000
332000000
277000000
208000000
208000000
208000000
208000000
208000000
208000000
208000000
208000000
208000000
208000000
208000000
208000000
208000000
208000000
208000000
208000000
208000000
208000000
208000000
208000000
208000000
208000000
208000000
208000000
208000000
208000000
208000000
208000000
